1.224633647714454500e+15 -1.946060018929390564e+11 -5.921103351233128357e+10 1.008617306239356875e+09 -1.635879442244733870e+07 -1.370984595326129824e-08 -9.506892221079591513e+08 -1.300487515317948580e+09 -4.862841565410403609e+08 6.862556931751029491e+08
-1.946060018929390564e+11 1.558185668823926353e+10 1.174134137361185551e+09 -4.739601799601756036e+07 1.260095805506350473e+06 1.102149695825751167e-10 6.360644638896905631e+07 1.123005404944729954e+08 3.026655482663908228e+07 -3.707709894263456762e+07
-5.921103351233128357e+10 1.174134137361185551e+09 9.206763034859831631e+07 -3.509404196218038909e+06 8.834059180889739946e+04 6.826428568125657287e-11 4.484346505427362397e+06 7.843932854287440889e+06 2.202633895255109295e+06 -2.729515384545174893e+06
1.008617306239356875e+09 -4.739601799601756036e+07 -3.509404196218038909e+06 1.623150461656258558e+05 -5.972521430133947433e+03 0.000000000000000000e+00 -2.967336182953765965e+05 -5.195413158668666729e+05 -1.052655817735906894e+05 1.280394766913557833e+05
-1.635879442244733870e+07 1.260095805506350473e+06 8.834059180889739946e+04 -5.972521430133947433e+03 5.042135248912475163e+02 -4.424596071183825801e-14 2.478637361902557677e+04 4.097921822633173724e+04 4.068916678982035592e+03 -4.784762296517171308e+03
-1.370984595326129824e-08 1.102149695825751167e-10 6.826428568125657287e-11 0.000000000000000000e+00 -4.424596071183825801e-14 1.623150461656258558e+05 -2.888860401966742938e+05 2.358353007150755616e+02 -4.245764517247545300e+05 -1.310240741546109166e+04
-9.506892221079591513e+08 6.360644638896905631e+07 4.484346505427362397e+06 -2.967336182953765965e+05 2.478637361902557677e+04 -2.888860401966742938e+05 1.917925109744451707e+06 2.003303560295415577e+06 1.329360490585191175e+06 -2.072368282027608948e+05
-1.300487515317948580e+09 1.123005404944729954e+08 7.843932854287440889e+06 -5.195413158668666729e+05 4.097921822633173724e+04 2.358353007150755616e+02 2.003303560295415577e+06 3.454263998445145786e+06 3.632127559988867724e+05 -4.719202493570512161e+05
-4.862841565410403609e+08 3.026655482663908228e+07 2.202633895255109295e+06 -1.052655817735906894e+05 4.068916678982035592e+03 -4.245764517247545300e+05 1.329360490585191175e+06 3.632127559988867724e+05 2.018921358526271768e+06 -5.134238242146649281e+04
6.862556931751029491e+08 -3.707709894263456762e+07 -2.729515384545174893e+06 1.280394766913557833e+05 -4.784762296517171308e+03 -1.310240741546109166e+04 -2.072368282027608948e+05 -4.719202493570512161e+05 -5.134238242146649281e+04 1.389607171509906184e+05
