1.224633647714454500e+15 -1.946060018929390564e+11 -5.921103351233128357e+10 1.008617306239356875e+09 -1.635879442244733870e+07 -1.370984595326129824e-08 -8.763482737605150938e+08 -1.455218132188818216e+09 -6.530870384474918842e+08 8.227254119491120577e+08
-1.946060018929390564e+11 1.558185668823926353e+10 1.174134137361185551e+09 -4.739601799601756036e+07 1.260095805506350473e+06 1.102149695825751167e-10 6.357395571793859452e+07 1.134671748069148362e+08 3.151801564768404514e+07 -3.830655917225181311e+07
-5.921103351233128357e+10 1.174134137361185551e+09 9.206763034859831631e+07 -3.509404196218038909e+06 8.834059180889739946e+04 6.826428568125657287e-11 4.479064624188765883e+06 7.931818145726376213e+06 2.327142088555938099e+06 -2.837588319534940645e+06
1.008617306239356875e+09 -4.739601799601756036e+07 -3.509404196218038909e+06 1.623150461656258558e+05 -5.972521430133947433e+03 0.000000000000000000e+00 -2.964605878255091375e+05 -5.295984956840634113e+05 -1.090728122793466173e+05 1.311497853110790311e+05
-1.635879442244733870e+07 1.260095805506350473e+06 8.834059180889739946e+04 -5.972521430133947433e+03 5.042135248912475163e+02 -4.424596071183825801e-14 2.482820123432082255e+04 4.101851978786614927e+04 4.079048725276315054e+03 -4.826398115126526136e+03
-1.370984595326129824e-08 1.102149695825751167e-10 6.826428568125657287e-11 0.000000000000000000e+00 -4.424596071183825801e-14 1.623150461656258558e+05 -2.889063962236543885e+05 9.945435802507412859e+01 -4.245844063909822144e+05 -1.310318184141829443e+04
-8.763482737605150938e+08 6.357395571793859452e+07 4.479064624188765883e+06 -2.964605878255091375e+05 2.482820123432082255e+04 -2.889063962236543885e+05 1.908950895266520092e+06 2.003051541863173246e+06 1.325600692530483939e+06 -2.078462823618348048e+05
-1.455218132188818216e+09 1.134671748069148362e+08 7.931818145726376213e+06 -5.295984956840634113e+05 4.101851978786614927e+04 9.945435802507412859e+01 2.003051541863173246e+06 3.464848683666036930e+06 3.634498614953721408e+05 -4.747779276871321490e+05
-6.530870384474918842e+08 3.151801564768404514e+07 2.327142088555938099e+06 -1.090728122793466173e+05 4.079048725276315054e+03 -4.245844063909822144e+05 1.325600692530483939e+06 3.634498614953721408e+05 1.988396590988221345e+06 -5.385345962296886864e+04
8.227254119491120577e+08 -3.830655917225181311e+07 -2.837588319534940645e+06 1.311497853110790311e+05 -4.826398115126526136e+03 -1.310318184141829443e+04 -2.078462823618348048e+05 -4.747779276871321490e+05 -5.385345962296886864e+04 1.360676068930102629e+05
