1.305353543407291500e+15 -2.019669225629272461e+11 -6.172022907390838623e+10 1.019167952706649184e+09 -1.635608495037504658e+07 -1.352276393244796782e+05 -9.504566916454415321e+08 -1.300519591990100384e+09 -5.950628215432200432e+08 6.862494380441204309e+08
-2.019669225629272461e+11 1.557069294538084412e+10 1.173550461690364599e+09 -4.737443785956098139e+07 1.259992974190633278e+06 4.994843863306640763e+00 6.470528271967958659e+07 1.122907367445105016e+08 3.026635692919326574e+07 -3.707418562880875170e+07
-6.172022907390838623e+10 1.173550461690364599e+09 9.206763034859848022e+07 -3.509404196218038443e+06 8.834059180889741401e+04 -2.295332101476989786e-11 4.484346505427364260e+06 7.843932854287439957e+06 2.202633895255109761e+06 -2.729515384545175359e+06
1.019167952706649184e+09 -4.737443785956098139e+07 -3.509404196218038443e+06 1.623150461656258558e+05 -5.972521430133947433e+03 0.000000000000000000e+00 -2.967336182953765965e+05 -5.195413158668666729e+05 -1.052655817735906894e+05 1.280394766913557833e+05
-1.635608495037504658e+07 1.259992974190633278e+06 8.834059180889741401e+04 -5.972521430133947433e+03 5.042135248912475163e+02 -4.424596071183825801e-14 2.478637361902557677e+04 4.097921822633173724e+04 4.068916678982035592e+03 -4.784762296517171308e+03
-1.352276393244796782e+05 4.994843863306640763e+00 -2.295332101476989786e-11 0.000000000000000000e+00 -4.424596071183825801e-14 1.623150461656258558e+05 -2.888860401966742938e+05 2.358353007150755616e+02 -4.245764517247545300e+05 -1.310240741546109166e+04
-9.504566916454415321e+08 6.470528271967958659e+07 4.484346505427364260e+06 -2.967336182953765965e+05 2.478637361902557677e+04 -2.888860401966742938e+05 1.917925109744451707e+06 2.003303560295415577e+06 1.329360490585191175e+06 -2.072368282027608948e+05
-1.300519591990100384e+09 1.122907367445105016e+08 7.843932854287439957e+06 -5.195413158668666729e+05 4.097921822633173724e+04 2.358353007150755616e+02 2.003303560295415577e+06 3.454263998445145786e+06 3.632127559988867724e+05 -4.719202493570512161e+05
-5.950628215432200432e+08 3.026635692919326574e+07 2.202633895255109761e+06 -1.052655817735906894e+05 4.068916678982035592e+03 -4.245764517247545300e+05 1.329360490585191175e+06 3.632127559988867724e+05 2.018921358526271768e+06 -5.134238242146649281e+04
6.862494380441204309e+08 -3.707418562880875170e+07 -2.729515384545175359e+06 1.280394766913557833e+05 -4.784762296517171308e+03 -1.310240741546109166e+04 -2.072368282027608948e+05 -4.719202493570512161e+05 -5.134238242146649281e+04 1.389607171509906184e+05
