8.482187191018564453e+12 -3.277768333886309204e+11 -2.537812418486822510e+10 8.756867471420845985e+08 -1.601215332999009080e+07 -1.413369317736918747e+05 -8.515552467517728806e+08 -1.353218981602897167e+09 -5.711142997647833824e+08 7.082408783437529802e+08
-3.277768333886309204e+11 1.556786582846478653e+10 1.174421789056186914e+09 -4.739463012823527306e+07 1.260073162542353617e+06 -5.642199083711288310e+00 6.357267895031227916e+07 1.134647541444454193e+08 3.151711019845425338e+07 -3.830537475888218731e+07
-2.537812418486822510e+10 1.174421789056186914e+09 9.206763034859848022e+07 -3.509404196218038443e+06 8.834059180889741401e+04 -2.295332101476989786e-11 4.479064624188760296e+06 7.931818145726381801e+06 2.327142088555937167e+06 -2.837588319534948561e+06
8.756867471420845985e+08 -4.739463012823527306e+07 -3.509404196218038443e+06 1.623150461656258558e+05 -5.972521430133947433e+03 0.000000000000000000e+00 -2.964605878255091375e+05 -5.295984956840634113e+05 -1.090728122793466173e+05 1.311497853110790311e+05
-1.601215332999009080e+07 1.260073162542353617e+06 8.834059180889741401e+04 -5.972521430133947433e+03 5.042135248912475163e+02 -4.424596071183825801e-14 2.482820123432082255e+04 4.101851978786614927e+04 4.079048725276315054e+03 -4.826398115126526136e+03
-1.413369317736918747e+05 -5.642199083711288310e+00 -2.295332101476989786e-11 0.000000000000000000e+00 -4.424596071183825801e-14 1.623150461656258558e+05 -2.889063962236543885e+05 9.945435802507412859e+01 -4.245844063909822144e+05 -1.310318184141829443e+04
-8.515552467517728806e+08 6.357267895031227916e+07 4.479064624188760296e+06 -2.964605878255091375e+05 2.482820123432082255e+04 -2.889063962236543885e+05 1.908950895266520092e+06 2.003051541863173246e+06 1.325600692530483939e+06 -2.078462823618348048e+05
-1.353218981602897167e+09 1.134647541444454193e+08 7.931818145726381801e+06 -5.295984956840634113e+05 4.101851978786614927e+04 9.945435802507412859e+01 2.003051541863173246e+06 3.464848683666036930e+06 3.634498614953721408e+05 -4.747779276871321490e+05
-5.711142997647833824e+08 3.151711019845425338e+07 2.327142088555937167e+06 -1.090728122793466173e+05 4.079048725276315054e+03 -4.245844063909822144e+05 1.325600692530483939e+06 3.634498614953721408e+05 1.988396590988221345e+06 -5.385345962296886864e+04
7.082408783437529802e+08 -3.830537475888218731e+07 -2.837588319534948561e+06 1.311497853110790311e+05 -4.826398115126526136e+03 -1.310318184141829443e+04 -2.078462823618348048e+05 -4.747779276871321490e+05 -5.385345962296886864e+04 1.360676068930102629e+05
