1.225806835332746562e+14 -5.796113600458776855e+11 -5.477510289403308868e+10 4.257101867591264725e+09 -7.567719217895318568e+07 1.737984456366360762e-08 2.326832173750577927e+09 1.997214915305757284e+09 -2.083947269833124161e+10 -2.443973554003186417e+10
-5.796113600458776855e+11 1.500352243407445679e+11 9.296030469659791946e+09 -1.639162451556961298e+09 4.072731064111302048e+07 2.388528972958111178e-09 -6.165683491866250038e+09 1.727510495352082729e+09 8.047035877459707260e+09 9.184346642465970993e+09
-5.477510289403308868e+10 9.296030469659791946e+09 5.821627104703075886e+08 -1.003568232798141092e+08 2.440220300752526615e+06 8.534689174057401190e-10 -3.545535029993132353e+08 9.530383149985262752e+07 4.924534287085590363e+08 5.622411559086110592e+08
4.257101867591264725e+09 -1.639162451556961298e+09 -1.003568232798141092e+08 2.111579966335000843e+07 -7.141065007358650910e+05 0.000000000000000000e+00 1.606308176689654589e+08 -5.969848402815842628e+07 -1.037223655370084196e+08 -1.183045153175601661e+08
-7.567719217895318568e+07 4.072731064111302048e+07 2.440220300752526615e+06 -7.141065007358650910e+05 4.130580349065810151e+04 -1.000636975732944804e-11 -1.278226796593853645e+07 5.413467104212449864e+06 3.509412076770974323e+06 4.001123772442521062e+06
1.737984456366360762e-08 2.388528972958111178e-09 8.534689174057401190e-10 0.000000000000000000e+00 -1.000636975732944804e-11 2.111579966335000843e+07 1.547156382546213455e+07 -8.047206887350864708e+06 6.921170555788639002e+06 -7.890860478049308294e+05
2.326832173750577927e+09 -6.165683491866250038e+09 -3.545535029993132353e+08 1.606308176689654589e+08 -1.278226796593853645e+07 1.547156382546213455e+07 4.392656124882216454e+09 -1.914420289209916592e+09 -7.842912728511952162e+08 -9.005824070308631659e+08
1.997214915305757284e+09 1.727510495352082729e+09 9.530383149985262752e+07 -5.969848402815842628e+07 5.413467104212449864e+06 -8.047206887350864708e+06 -1.914420289209916592e+09 8.439453002889589071e+08 2.906090442205342054e+08 3.347907181680787802e+08
-2.083947269833124161e+10 8.047035877459707260e+09 4.924534287085590363e+08 -1.037223655370084196e+08 3.509412076770974323e+06 6.921170555788639002e+06 -7.842912728511952162e+08 2.906090442205342054e+08 5.122427711281285286e+08 5.811325188690234423e+08
-2.443973554003186417e+10 9.184346642465970993e+09 5.622411559086110592e+08 -1.183045153175601661e+08 4.001123772442521062e+06 -7.890860478049308294e+05 -9.005824070308631659e+08 3.347907181680787802e+08 5.811325188690234423e+08 6.629414191511023045e+08
