1.667697323292826758e+13 -5.665577862298244629e+11 -3.991624596420664215e+10 4.314311057477869034e+09 -7.566856767812217772e+07 -1.755516663647633791e+07 1.910675467393595934e+09 1.458768431985988855e+09 -2.120838137044277573e+10 -2.416827551509704208e+10
-5.665577862298244629e+11 1.500404131027364502e+11 9.296216859723808289e+09 -1.639198292943509102e+09 4.072825316345167905e+07 -4.808910282487425320e+03 -6.158861821274052620e+09 1.719884277733775139e+09 8.056327558273884773e+09 9.182836440130849838e+09
-3.991624596420664215e+10 9.296216859723808289e+09 5.821627104703073502e+08 -1.003568232798141092e+08 2.440220300752527080e+06 3.994527037239489542e-10 -3.538151715961532593e+08 9.467925595935279131e+07 4.932334381028037667e+08 5.622018503281378746e+08
4.314311057477869034e+09 -1.639198292943509102e+09 -1.003568232798141092e+08 2.111579966335000843e+07 -7.141065007358650910e+05 0.000000000000000000e+00 1.606359506900125146e+08 -5.969297950811515749e+07 -1.037799775025333464e+08 -1.182913109336039275e+08
-7.566856767812217772e+07 4.072825316345167905e+07 2.440220300752527080e+06 -7.141065007358650910e+05 4.130580349065810151e+04 -8.527377582491035853e-12 -1.278297120764495619e+07 5.413212808555291034e+06 3.509694412336359732e+06 4.000445040664092172e+06
-1.755516663647633791e+07 -4.808910282487425320e+03 3.994527037239489542e-10 0.000000000000000000e+00 -8.527377582491035853e-12 2.111579966335000843e+07 1.547753849818022363e+07 -8.046387686806254089e+06 6.921791863685471006e+06 -7.901655760308832396e+05
1.910675467393595934e+09 -6.158861821274052620e+09 -3.538151715961532593e+08 1.606359506900125146e+08 -1.278297120764495619e+07 1.547753849818022363e+07 4.392958238318570137e+09 -1.914399945371294260e+09 -7.843761970579689741e+08 -9.004767833121815920e+08
1.458768431985988855e+09 1.719884277733775139e+09 9.467925595935279131e+07 -5.969297950811515749e+07 5.413212808555291034e+06 -8.046387686806254089e+06 -1.914399945371294260e+09 8.438293950940881968e+08 2.907364800287033916e+08 3.346998034088190794e+08
-2.120838137044277573e+10 8.056327558273884773e+09 4.932334381028037667e+08 -1.037799775025333464e+08 3.509694412336359732e+06 6.921791863685471006e+06 -7.843761970579689741e+08 2.907364800287033916e+08 5.123274480547724366e+08 5.811194498030358553e+08
-2.416827551509704208e+10 9.182836440130849838e+09 5.622018503281378746e+08 -1.182913109336039275e+08 4.000445040664092172e+06 -7.901655760308832396e+05 -9.004767833121815920e+08 3.346998034088190794e+08 5.811194498030358553e+08 6.627009072029453516e+08
