8.189766764493369141e+11 -1.681635987129639282e+11 -1.024052554447538757e+10 4.804046219981128693e+09 -5.970424054086782783e+07 -1.143822667809983069e-09 2.330423114354335308e+09 -1.518663611470308876e+10 -9.657818787913928986e+09 7.491381412271988869e+09
-1.681635987129639282e+11 1.417378252273828125e+11 8.155288165679000854e+09 -5.100369485396017075e+09 6.747686669298803806e+07 1.880260236026497837e-10 -3.920672430280297279e+09 1.716301690536847305e+10 1.026074427954264259e+10 -7.953147842669876099e+09
-1.024052554447538757e+10 8.155288165679000854e+09 4.698382926998339891e+08 -2.912145768946289420e+08 3.840780275703781284e+06 -2.304215810655530170e-09 -2.195230211294401586e+08 9.769631172168899775e+08 5.858456173864414692e+08 -4.540887457868453860e+08
4.804046219981128693e+09 -5.100369485396017075e+09 -2.912145768946289420e+08 1.971487451908313930e+08 -2.741554035903298762e+06 0.000000000000000000e+00 1.995878870030967295e+08 -6.971173414942314625e+08 -3.966312052384656668e+08 3.074060651208631992e+08
-5.970424054086782783e+07 6.747686669298803806e+07 3.840780275703781284e+06 -2.741554035903298762e+06 4.026400320716206625e+04 -4.278757019343534090e-11 -3.545410134133537766e+06 1.023340532667693682e+07 5.515650768485217355e+06 -4.274760840040131472e+06
-1.143822667809983069e-09 1.880260236026497837e-10 -2.304215810655530170e-09 0.000000000000000000e+00 -4.278757019343534090e-11 1.971487451908313036e+08 -2.387439924716939032e+07 2.105756626123924851e+08 -1.529571740184257030e+08 -1.123476757889896780e+08
2.330423114354335308e+09 -3.920672430280297279e+09 -2.195230211294401586e+08 1.995878870030967295e+08 -3.545410134133537766e+06 -2.387439924716939032e+07 5.979677069849011898e+08 -9.241434834508994818e+08 -3.549643340830259919e+08 2.943805240550029278e+08
-1.518663611470308876e+10 1.716301690536847305e+10 9.769631172168899775e+08 -6.971173414942314625e+08 1.023340532667693682e+07 2.105756626123924851e+08 -9.241434834508994818e+08 2.841465832076072693e+09 1.224551559381636620e+09 -1.215008597904588938e+09
-9.657818787913928986e+09 1.026074427954264259e+10 5.858456173864414692e+08 -3.966312052384656668e+08 5.515650768485217355e+06 -1.529571740184257030e+08 -3.549643340830259919e+08 1.224551559381636620e+09 9.376510721237092018e+08 -5.312846629349854589e+08
7.491381412271988869e+09 -7.953147842669876099e+09 -4.540887457868453860e+08 3.074060651208631992e+08 -4.274760840040131472e+06 -1.123476757889896780e+08 2.943805240550029278e+08 -1.215008597904588938e+09 -5.312846629349854589e+08 5.551635024744265079e+08
