8.250805455588344727e+11 -1.666325303076562805e+11 -1.017155057641739845e+10 4.804690275053792000e+09 -5.971257793341393769e+07 -1.643559966713925600e+08 2.350206951602542400e+09 -1.536284712951376343e+10 -9.530723560061838150e+09 7.585530456196192741e+09
-1.666325303076562805e+11 1.417017523374786377e+11 8.155130124112408638e+09 -5.100356466279251099e+09 6.747609992669397593e+07 3.127743856859350853e+04 -3.920660655818827152e+09 1.716391788082230949e+10 1.026053787460211372e+10 -7.953020930226624489e+09
-1.017155057641739845e+10 8.155130124112408638e+09 4.698382926998335719e+08 -2.912145768946287036e+08 3.840780275703778956e+06 4.360061680618501426e-10 -2.195230211294400692e+08 9.769631172168880701e+08 5.858456173864414692e+08 -4.540887457868452668e+08
4.804690275053792000e+09 -5.100356466279251099e+09 -2.912145768946287036e+08 1.971487451908313930e+08 -2.741554035903298762e+06 0.000000000000000000e+00 1.995878870030967295e+08 -6.971173414942314625e+08 -3.966312052384656668e+08 3.074060651208631992e+08
-5.971257793341393769e+07 6.747609992669397593e+07 3.840780275703778956e+06 -2.741554035903298762e+06 4.026400320716206625e+04 -4.278757019343534090e-11 -3.545410134133537766e+06 1.023340532667693682e+07 5.515650768485217355e+06 -4.274760840040131472e+06
-1.643559966713925600e+08 3.127743856859350853e+04 4.360061680618501426e-10 0.000000000000000000e+00 -4.278757019343534090e-11 1.971487451908313036e+08 -2.387439924716939032e+07 2.105756626123924851e+08 -1.529571740184257030e+08 -1.123476757889896780e+08
2.350206951602542400e+09 -3.920660655818827152e+09 -2.195230211294400692e+08 1.995878870030967295e+08 -3.545410134133537766e+06 -2.387439924716939032e+07 5.979677069849011898e+08 -9.241434834508994818e+08 -3.549643340830259919e+08 2.943805240550029278e+08
-1.536284712951376343e+10 1.716391788082230949e+10 9.769631172168880701e+08 -6.971173414942314625e+08 1.023340532667693682e+07 2.105756626123924851e+08 -9.241434834508994818e+08 2.841465832076072693e+09 1.224551559381636620e+09 -1.215008597904588938e+09
-9.530723560061838150e+09 1.026053787460211372e+10 5.858456173864414692e+08 -3.966312052384656668e+08 5.515650768485217355e+06 -1.529571740184257030e+08 -3.549643340830259919e+08 1.224551559381636620e+09 9.376510721237092018e+08 -5.312846629349854589e+08
7.585530456196192741e+09 -7.953020930226624489e+09 -4.540887457868452668e+08 3.074060651208631992e+08 -4.274760840040131472e+06 -1.123476757889896780e+08 2.943805240550029278e+08 -1.215008597904588938e+09 -5.312846629349854589e+08 5.551635024744265079e+08
