8.189766764554515381e+11 -1.681635987189541321e+11 -1.024052554425998116e+10 4.804046219981148720e+09 -5.970424054086785018e+07 -4.594114843443674508e-09 2.330176803237945080e+09 -1.518802333315677071e+10 -9.661152174725803375e+09 7.493074958343891144e+09
-1.681635987189541321e+11 1.417378252273790894e+11 8.155288165678997040e+09 -5.100369485396017075e+09 6.747686669298803806e+07 3.875695231452388758e-09 -3.919748234079727173e+09 1.716461668016431808e+10 1.025938197223307228e+10 -7.952658934118449211e+09
-1.024052554425998116e+10 8.155288165678997040e+09 4.698382926998339891e+08 -2.912145768946288228e+08 3.840780275703781284e+06 -5.150237556215378291e-09 -2.195055211044234633e+08 9.770228384702571630e+08 5.857726459355053902e+08 -4.540746992950934172e+08
4.804046219981148720e+09 -5.100369485396017075e+09 -2.912145768946288228e+08 1.971487451908313632e+08 -2.741554035903299693e+06 0.000000000000000000e+00 1.995880988536702693e+08 -6.971225151335639954e+08 -3.965863168642352819e+08 3.073932972051958442e+08
-5.970424054086785018e+07 6.747686669298803806e+07 3.840780275703781284e+06 -2.741554035903299693e+06 4.026400320716205169e+04 -1.432840787756951370e-11 -3.545436004880009219e+06 1.023343725127525628e+07 5.514997760783845559e+06 -4.274607406415514648e+06
-4.594114843443674508e-09 3.875695231452388758e-09 -5.150237556215378291e-09 0.000000000000000000e+00 -1.432840787756951370e-11 1.971487451908313632e+08 -2.388787177138047665e+07 2.105722678942759931e+08 -1.529353324644004405e+08 -1.123466066372011900e+08
2.330176803237945080e+09 -3.919748234079727173e+09 -2.195055211044234633e+08 1.995880988536702693e+08 -3.545436004880009219e+06 -2.388787177138047665e+07 5.979814028094248772e+08 -9.241488485308980942e+08 -3.549174302220969200e+08 2.943867117535277605e+08
-1.518802333315677071e+10 1.716461668016431808e+10 9.770228384702571630e+08 -6.971225151335639954e+08 1.023343725127525628e+07 2.105722678942759931e+08 -9.241488485308980942e+08 2.841409133936350346e+09 1.224422311799695969e+09 -1.214953556055969238e+09
-9.661152174725803375e+09 1.025938197223307228e+10 5.857726459355053902e+08 -3.965863168642352819e+08 5.514997760783845559e+06 -1.529353324644004405e+08 -3.549174302220969200e+08 1.224422311799695969e+09 9.374150862367756367e+08 -5.312040942576220036e+08
7.493074958343891144e+09 -7.952658934118449211e+09 -4.540746992950934172e+08 3.073932972051958442e+08 -4.274607406415514648e+06 -1.123466066372011900e+08 2.943867117535277605e+08 -1.214953556055969238e+09 -5.312040942576220036e+08 5.551205623780030012e+08
