6.600109590195854492e+11 -1.671673472085108337e+11 -1.006354580818083572e+10 4.803255241991379738e+09 -5.970727844644524902e+07 -1.643669238568895459e+08 2.353265637479180336e+09 -1.536420713443406296e+10 -9.532175301435981750e+09 7.585338334635309219e+09
-1.671673472085108337e+11 1.417488263702146912e+11 8.155602246122136116e+09 -5.100558701737095833e+09 6.747932709192200005e+07 2.988029696862311903e+04 -3.919871108004481316e+09 1.716527733646751022e+10 1.025973899855245781e+10 -7.952974089359570503e+09
-1.006354580818083572e+10 8.155602246122136116e+09 4.698382926998335719e+08 -2.912145768946287036e+08 3.840780275703778956e+06 4.360061680618501426e-10 -2.195055211048682928e+08 9.770228384695582390e+08 5.857726459357347488e+08 -4.540746992950223684e+08
4.803255241991379738e+09 -5.100558701737095833e+09 -2.912145768946287036e+08 1.971487451908313930e+08 -2.741554035903298762e+06 0.000000000000000000e+00 1.995880988539335132e+08 -6.971225151329483986e+08 -3.965863168642978072e+08 3.073932972051814198e+08
-5.970727844644524902e+07 6.747932709192200005e+07 3.840780275703778956e+06 -2.741554035903298762e+06 4.026400320716206625e+04 -4.278757019343534090e-11 -3.545436004882783163e+06 1.023343725126512349e+07 5.514997760785290971e+06 -4.274607406415712088e+06
-1.643669238568895459e+08 2.988029696862311903e+04 4.360061680618501426e-10 0.000000000000000000e+00 -4.278757019343534090e-11 1.971487451908313036e+08 -2.388787177132881060e+07 2.105722678941271901e+08 -1.529353324644109607e+08 -1.123466066370998174e+08
2.353265637479180336e+09 -3.919871108004481316e+09 -2.195055211048682928e+08 1.995880988539335132e+08 -3.545436004882783163e+06 -2.388787177132881060e+07 5.979814028094352484e+08 -9.241488485299450159e+08 -3.549174302228144407e+08 2.943867117540749907e+08
-1.536420713443406296e+10 1.716527733646751022e+10 9.770228384695582390e+08 -6.971225151329483986e+08 1.023343725126512349e+07 2.105722678941271901e+08 -9.241488485299450159e+08 2.841409133931042671e+09 1.224422311798936129e+09 -1.214953556054963112e+09
-9.532175301435981750e+09 1.025973899855245781e+10 5.857726459357347488e+08 -3.965863168642978072e+08 5.514997760785290971e+06 -1.529353324644109607e+08 -3.549174302228144407e+08 1.224422311798936129e+09 9.374150862371869087e+08 -5.312040942579270601e+08
7.585338334635309219e+09 -7.952974089359570503e+09 -4.540746992950223684e+08 3.073932972051814198e+08 -4.274607406415712088e+06 -1.123466066370998174e+08 2.943867117540749907e+08 -1.214953556054963112e+09 -5.312040942579270601e+08 5.551205623777680397e+08
