8.189766764493369141e+11 -1.681635987129639282e+11 -1.024052554447538757e+10 4.804046219981128693e+09 -5.970424054086782783e+07 -1.143822667809983069e-09 2.330176803067243099e+09 -1.518802333463464928e+10 -9.661152177015344620e+09 7.493074958400312424e+09
-1.681635987129639282e+11 1.417378252273828125e+11 8.155288165679000854e+09 -5.100369485396017075e+09 6.747686669298803806e+07 1.880260236026497837e-10 -3.919748234087473392e+09 1.716461668015137482e+10 1.025938197223685074e+10 -7.952658934117487907e+09
-1.024052554447538757e+10 8.155288165679000854e+09 4.698382926998339891e+08 -2.912145768946289420e+08 3.840780275703781284e+06 -2.304215810655530170e-09 -2.195055211048684716e+08 9.770228384695588350e+08 5.857726459357351065e+08 -4.540746992950224280e+08
4.804046219981128693e+09 -5.100369485396017075e+09 -2.912145768946289420e+08 1.971487451908313930e+08 -2.741554035903298762e+06 0.000000000000000000e+00 1.995880988539335132e+08 -6.971225151329483986e+08 -3.965863168642978072e+08 3.073932972051814198e+08
-5.970424054086782783e+07 6.747686669298803806e+07 3.840780275703781284e+06 -2.741554035903298762e+06 4.026400320716206625e+04 -4.278757019343534090e-11 -3.545436004882783163e+06 1.023343725126512349e+07 5.514997760785290971e+06 -4.274607406415712088e+06
-1.143822667809983069e-09 1.880260236026497837e-10 -2.304215810655530170e-09 0.000000000000000000e+00 -4.278757019343534090e-11 1.971487451908313036e+08 -2.388787177132881060e+07 2.105722678941271901e+08 -1.529353324644109607e+08 -1.123466066370998174e+08
2.330176803067243099e+09 -3.919748234087473392e+09 -2.195055211048684716e+08 1.995880988539335132e+08 -3.545436004882783163e+06 -2.388787177132881060e+07 5.979814028094352484e+08 -9.241488485299450159e+08 -3.549174302228144407e+08 2.943867117540749907e+08
-1.518802333463464928e+10 1.716461668015137482e+10 9.770228384695588350e+08 -6.971225151329483986e+08 1.023343725126512349e+07 2.105722678941271901e+08 -9.241488485299450159e+08 2.841409133931042671e+09 1.224422311798936129e+09 -1.214953556054963112e+09
-9.661152177015344620e+09 1.025938197223685074e+10 5.857726459357351065e+08 -3.965863168642978072e+08 5.514997760785290971e+06 -1.529353324644109607e+08 -3.549174302228144407e+08 1.224422311798936129e+09 9.374150862371869087e+08 -5.312040942579270601e+08
7.493074958400312424e+09 -7.952658934117487907e+09 -4.540746992950224280e+08 3.073932972051814198e+08 -4.274607406415712088e+06 -1.123466066370998174e+08 2.943867117540749907e+08 -1.214953556054963112e+09 -5.312040942579270601e+08 5.551205623777680397e+08
