2.504870488129089355e+10 -3.394746195973635197e+09 -2.083267963172922730e+08 6.565361414028685540e+07 -5.409411757952416519e+04 -6.235646665762776125e-11 8.665627657183493674e+07 1.105230506957351565e+08 1.124341643439829499e+08 -1.147971058123130053e+08
-3.394746195973635197e+09 2.182479023793498039e+09 1.281455460887446553e+08 -5.704552215464644134e+07 5.611843993961379601e+04 1.213801328037779125e-10 -7.965763947170799971e+07 -1.005814801625959128e+08 -1.049823586034935266e+08 1.024679083375331163e+08
-2.083267963172922730e+08 1.281455460887446553e+08 7.536922622510273010e+06 -3.299849276619747281e+06 3.213420429503704327e+03 -7.303186966836582378e-12 -4.599738164473449811e+06 -5.803960976312453859e+06 -6.054583020963023417e+06 5.922544228012907319e+06
6.565361414028685540e+07 -5.704552215464644134e+07 -3.299849276619747281e+06 1.784350285446368391e+06 -2.052367953099585520e+03 0.000000000000000000e+00 2.511071611056129914e+06 3.269753742873728275e+06 3.367541288761591539e+06 -3.230199538323008455e+06
-5.409411757952416519e+04 5.611843993961379601e+04 3.213420429503704327e+03 -2.052367953099585520e+03 2.746920969002361712e+00 1.134988759531655958e-14 -2.878359646786444500e+03 -3.926520989082835058e+03 -3.911676508990000457e+03 3.724347852661261186e+03
-6.235646665762776125e-11 1.213801328037779125e-10 -7.303186966836582378e-12 0.000000000000000000e+00 1.134988759531655958e-14 1.784350285446368391e+06 5.623230695107471198e+06 -2.064672185176965082e+06 6.937344790564743802e+06 1.107147149030501256e+06
8.665627657183493674e+07 -7.965763947170799971e+07 -4.599738164473449811e+06 2.511071611056129914e+06 -2.878359646786444500e+03 5.623230695107471198e+06 2.808105868781022727e+07 -5.564509859966293909e+06 2.333220436766414717e+07 -1.018576153922205442e+06
1.105230506957351565e+08 -1.005814801625959128e+08 -5.803960976312453859e+06 3.269753742873728275e+06 -3.926520989082835058e+03 -2.064672185176965082e+06 -5.564509859966293909e+06 1.625525823180361278e+07 4.917548815083972295e+04 -6.121664070365225896e+06
1.124341643439829499e+08 -1.049823586034935266e+08 -6.054583020963023417e+06 3.367541288761591539e+06 -3.911676508990000457e+03 6.937344790564743802e+06 2.333220436766414717e+07 4.917548815083972295e+04 3.507627872953333706e+07 -1.791845266991121927e+06
-1.147971058123130053e+08 1.024679083375331163e+08 5.922544228012907319e+06 -3.230199538323008455e+06 3.724347852661261186e+03 1.107147149030501256e+06 -1.018576153922205442e+06 -6.121664070365225896e+06 -1.791845266991121927e+06 6.762152295309308916e+06
