2.504870488129089355e+10 -3.394746195973635197e+09 -2.083267963172922730e+08 6.565361414028685540e+07 -5.409411757952416519e+04 -6.235646665762776125e-11 8.664982090726239979e+07 1.104808946475017071e+08 1.121710908424394727e+08 -1.147796408317915648e+08
-3.394746195973635197e+09 2.182479023793498039e+09 1.281455460887446553e+08 -5.704552215464644134e+07 5.611843993961379601e+04 1.213801328037779125e-10 -7.966025224002279341e+07 -1.005691355474391580e+08 -1.049785959092267752e+08 1.024794733563784957e+08
-2.083267963172922730e+08 1.281455460887446553e+08 7.536922622510273010e+06 -3.299849276619747281e+06 3.213420429503704327e+03 -7.303186966836582378e-12 -4.599822519119299948e+06 -5.803156000283154659e+06 -6.054410856257633306e+06 5.921939089549161494e+06
6.565361414028685540e+07 -5.704552215464644134e+07 -3.299849276619747281e+06 1.784350285446368391e+06 -2.052367953099585520e+03 0.000000000000000000e+00 2.511249404632061254e+06 3.269395373272913974e+06 3.367173582369106822e+06 -3.229847089801297989e+06
-5.409411757952416519e+04 5.611843993961379601e+04 3.213420429503704327e+03 -2.052367953099585520e+03 2.746920969002361712e+00 1.134988759531655958e-14 -2.878602934267177261e+03 -3.926086097508683451e+03 -3.911411752424497081e+03 3.723756410046207748e+03
-6.235646665762776125e-11 1.213801328037779125e-10 -7.303186966836582378e-12 0.000000000000000000e+00 1.134988759531655958e-14 1.784350285446368391e+06 5.623374562030334957e+06 -2.064203892881337786e+06 6.937233521353293210e+06 1.106784532893639756e+06
8.664982090726239979e+07 -7.966025224002279341e+07 -4.599822519119299948e+06 2.511249404632061254e+06 -2.878602934267177261e+03 5.623374562030334957e+06 2.808245384084699303e+07 -5.563183219002752565e+06 2.333228953371784091e+07 -1.019248075223775697e+06
1.104808946475017071e+08 -1.005691355474391580e+08 -5.803156000283154659e+06 3.269395373272913974e+06 -3.926086097508683451e+03 -2.064203892881337786e+06 -5.563183219002752565e+06 1.625155452275160886e+07 4.964171580876685039e+04 -6.119625670134246349e+06
1.121710908424394727e+08 -1.049785959092267752e+08 -6.054410856257633306e+06 3.367173582369106822e+06 -3.911411752424497081e+03 6.937233521353293210e+06 2.333228953371784091e+07 4.964171580876685039e+04 3.507386112457247078e+07 -1.791929834215035895e+06
-1.147796408317915648e+08 1.024794733563784957e+08 5.921939089549161494e+06 -3.229847089801297989e+06 3.723756410046207748e+03 1.106784532893639756e+06 -1.019248075223775697e+06 -6.119625670134246349e+06 -1.791929834215035895e+06 6.759525540321810171e+06
