1.666973664330928230e+10 -2.967440792218341827e+09 -2.085693340398447216e+08 6.569157233879195154e+07 -5.410814188529029343e+04 -1.464862196301808348e+06 8.211282124870270491e+07 1.121964438304480910e+08 1.067192361516357660e+08 -1.157847088574759811e+08
-2.967440792218341827e+09 2.184274510505716801e+09 1.281954452278145105e+08 -5.705698322340636700e+07 5.612368952248879941e+04 -6.701355629035047059e+03 -7.973302546136489511e+07 -1.005497799324053079e+08 -1.050017819846710414e+08 1.024974135054495335e+08
-2.085693340398447216e+08 1.281954452278145105e+08 7.536922622510256246e+06 -3.299849276619743556e+06 3.213420429503702053e+03 8.806641581881934917e-12 -4.599718894186406396e+06 -5.803941260371876881e+06 -6.054658241143949330e+06 5.921948180034518242e+06
6.569157233879195154e+07 -5.705698322340636700e+07 -3.299849276619743556e+06 1.784350285446368391e+06 -2.052367953099585520e+03 0.000000000000000000e+00 2.511037878474568482e+06 3.269804164621294942e+06 3.367443920593630522e+06 -3.230210555203494616e+06
-5.410814188529029343e+04 5.612368952248879941e+04 3.213420429503702053e+03 -2.052367953099585520e+03 2.746920969002361712e+00 -1.382660778091041773e-14 -2.878359888665769176e+03 -3.926517818648048433e+03 -3.911655474682451768e+03 3.724328377234166965e+03
-1.464862196301808348e+06 -6.701355629035047059e+03 8.806641581881934917e-12 0.000000000000000000e+00 -1.382660778091041773e-14 1.784350285446368391e+06 5.623217225477173924e+06 -2.064665996594456956e+06 6.937349314641254023e+06 1.107161997608408332e+06
8.211282124870270491e+07 -7.973302546136489511e+07 -4.599718894186406396e+06 2.511037878474568482e+06 -2.878359888665769176e+03 5.623217225477173924e+06 2.808120691776426136e+07 -5.564507179470706731e+06 2.333235949804309011e+07 -1.018568428301890963e+06
1.121964438304480910e+08 -1.005497799324053079e+08 -5.803941260371876881e+06 3.269804164621294942e+06 -3.926517818648048433e+03 -2.064665996594456956e+06 -5.564507179470706731e+06 1.625540057047712617e+07 4.912418180346351437e+04 -6.121666172325466760e+06
1.067192361516357660e+08 -1.050017819846710414e+08 -6.054658241143949330e+06 3.367443920593630522e+06 -3.911655474682451768e+03 6.937349314641254023e+06 2.333235949804309011e+07 4.912418180346351437e+04 3.507568843737708032e+07 -1.791834472755633527e+06
-1.157847088574759811e+08 1.024974135054495335e+08 5.921948180034518242e+06 -3.230210555203494616e+06 3.724328377234166965e+03 1.107161997608408332e+06 -1.018568428301890963e+06 -6.121666172325466760e+06 -1.791834472755633527e+06 6.762104396081488580e+06
