1.093497676588800621e+10 -3.374708433034241199e+09 -2.055297625094710588e+08 6.565793181249900162e+07 -5.410938983117754105e+04 -1.466291458178437082e+06 8.215089559326736629e+07 1.121331534566881061e+08 1.064311370065259635e+08 -1.157286524605397135e+08
-3.374708433034241199e+09 2.184144232555643082e+09 1.281955646325095147e+08 -5.705907506794201583e+07 5.612602367205647897e+04 -6.708233488560101250e+03 -7.973908651466390491e+07 -1.005404989833055288e+08 -1.050003363556409925e+08 1.025033729326321185e+08
-2.055297625094710588e+08 1.281955646325095147e+08 7.536922622510256246e+06 -3.299849276619743556e+06 3.213420429503702053e+03 8.806641581881934917e-12 -4.599822519118753262e+06 -5.803156000284127891e+06 -6.054410856255501509e+06 5.921939089549843222e+06
6.565793181249900162e+07 -5.705907506794201583e+07 -3.299849276619743556e+06 1.784350285446368391e+06 -2.052367953099585520e+03 0.000000000000000000e+00 2.511249404631735757e+06 3.269395373273460194e+06 3.367173582368234172e+06 -3.229847089801550843e+06
-5.410938983117754105e+04 5.612602367205647897e+04 3.213420429503702053e+03 -2.052367953099585520e+03 2.746920969002361712e+00 -1.382660778091041773e-14 -2.878602934266871216e+03 -3.926086097509411502e+03 -3.911411752424057340e+03 3.723756410046464680e+03
-1.466291458178437082e+06 -6.708233488560101250e+03 8.806641581881934917e-12 0.000000000000000000e+00 -1.382660778091041773e-14 1.784350285446368391e+06 5.623374562030848116e+06 -2.064203892879370134e+06 6.937233521352710202e+06 1.106784532893666532e+06
8.215089559326736629e+07 -7.973908651466390491e+07 -4.599822519118753262e+06 2.511249404631735757e+06 -2.878602934266871216e+03 5.623374562030848116e+06 2.808245384084548429e+07 -5.563183218997333199e+06 2.333228953371530399e+07 -1.019248075226573041e+06
1.121331534566881061e+08 -1.005404989833055288e+08 -5.803156000284127891e+06 3.269395373273460194e+06 -3.926086097509411502e+03 -2.064203892879370134e+06 -5.563183218997333199e+06 1.625155452274642512e+07 4.964171581642750243e+04 -6.119625670132636093e+06
1.064311370065259635e+08 -1.050003363556409925e+08 -6.054410856255501509e+06 3.367173582368234172e+06 -3.911411752424057340e+03 6.937233521352710202e+06 2.333228953371530399e+07 4.964171581642750243e+04 3.507386112456603348e+07 -1.791929834212932503e+06
-1.157286524605397135e+08 1.025033729326321185e+08 5.921939089549843222e+06 -3.229847089801550843e+06 3.723756410046464680e+03 1.106784532893666532e+06 -1.019248075226573041e+06 -6.119625670132636093e+06 -1.791929834212932503e+06 6.759525540322938003e+06
