99.99999999999989 0.0 0.0 0.0 0.0 0.0 0.0 
0.0 4896.806107067382 -576.7926031825 -3599690.9589502374 64142.99284749119 13373.16312784388 -4172.819313266594 
0.0 -576.7926031825 99.99999999999989 1047030.6881821235 -13207.059948644226 -2859.8034102136303 804.9739765779965 
0.0 -3599690.9589502374 1047030.6881821235 25956835152.12389 -179799157.21914294 -42420248.57740827 10023547.978716882 
0.0 64142.99284749119 -13207.059948644226 -179799157.21914294 1895258.1127899557 419879.65280888265 -112111.21420341886 
0.0 13373.16312784388 -2859.8034102136303 -42420248.57740827 419879.65280888265 93788.53465675189 -24639.929215863274 
0.0 -4172.819313266594 804.9739765779965 10023547.978716882 -112111.21420341886 -24639.929215863274 6702.664242688201 
