99.99999999999989 0.0 0.0 0.0 0.0 0.0 0.0 
0.0 4896.806107067382 -576.7926031825 -1988671.995071337 52385.74638538077 10543.047639292558 -3705.062966798222 
0.0 -576.7926031825 99.99999999999989 578836.6961304315 -10875.561328561347 -2254.5932704669526 714.7396151022567 
0.0 -1988671.995071337 578836.6961304315 7940508987.408409 -83332056.19500914 -18493376.01557505 4920939.934696934 
0.0 52385.74638538077 -10875.561328561347 -83332056.19500914 1297962.5721999342 274348.93688935647 -82225.90376730058 
0.0 10543.047639292558 -2254.5932704669526 -18493376.01557505 274348.93688935647 58292.65066751331 -17247.950451104305 
0.0 -3705.062966798222 714.7396151022567 4920939.934696934 -82225.90376730058 -17247.950451104305 5284.202977656916 
