99.99999999999989 0.0 0.0 0.0 0.0 0.0 0.0 
0.0 4896.806107067382 -576.7926031825 -1977249.0670777573 65854.40932218032 10543.047639292558 -3705.062966798222 
0.0 -576.7926031825 99.99999999999989 576633.1116756907 -13473.78625743728 -2254.5932704669526 714.7396151022567 
0.0 -1977249.0670777573 576633.1116756907 7910216118.075155 -100907950.71078177 -18440199.565456558 4904648.424766297 
0.0 65854.40932218032 -13473.78625743728 -100907950.71078177 1965607.8170530742 337048.7703492165 -101435.06416038208 
0.0 10543.047639292558 -2254.5932704669526 -18440199.565456558 337048.7703492165 58292.65066751331 -17247.950451104305 
0.0 -3705.062966798222 714.7396151022567 4904648.424766297 -101435.06416038208 -17247.950451104305 5284.202977656916 
