99.99999999999989 0.0 0.0 0.0 0.0 0.0 0.0 
0.0 4896.806107067382 -576.7926031825 -1982960.5310745477 59120.07785378053 10543.047639292558 -3705.062966798222 
0.0 -576.7926031825 99.99999999999989 577734.9039030612 -12174.673792999314 -2254.5932704669526 714.7396151022567 
0.0 -1982960.5310745477 577734.9039030612 7925349995.819907 -92134809.19695118 -18466787.790515807 4912794.179731616 
0.0 59120.07785378053 -12174.673792999314 -92134809.19695118 1614327.8862789948 305698.8536192865 -91830.48396384134 
0.0 10543.047639292558 -2254.5932704669526 -18466787.790515807 305698.8536192865 58292.65066751331 -17247.950451104305 
0.0 -3705.062966798222 714.7396151022567 4912794.179731616 -91830.48396384134 -17247.950451104305 5284.202977656916 
