100.72938466347478 0.0 0.0 0.0 0.0 0.0 0.0 
0.0 98.9189808960704 -82.40445200261081 7402284.655840261 -21180.648169645967 5530.882496901403 1013.986506228419 
0.0 -82.40445200261081 100.72938466347478 -17522734.327350214 28357.559825700635 -8483.045991730385 -1387.0613212528792 
0.0 7402284.655840261 -17522734.327350214 33148482722978.773 -2169391051.422396 2938455073.0731745 327084107.0526912 
0.0 -21180.648169645967 28357.559825700635 -2169391051.422396 8556781.93963316 -2392781.439294777 -395072.3165360494 
0.0 5530.882496901403 -8483.045991730385 2938455073.0731745 -2392781.439294777 861230.4742305946 127282.20526388961 
0.0 1013.986506228419 -1387.0613212528792 327084107.0526912 -395072.3165360494 127282.20526388961 19882.139043118088 
