99.99999999999989 0.0 0.0 0.0 0.0 0.0 0.0 
0.0 4896.806107067382 -576.7926031825 -3593258.4347296227 71727.5193899811 13373.16312784388 -4172.819313266594 
0.0 -576.7926031825 99.99999999999989 1045789.797021358 -14670.182608175352 -2859.8034102136303 804.9739765779965 
0.0 -3593258.4347296227 1045789.797021358 25925947889.22079 -197826379.56605303 -42382265.3987522 10013215.623815563 
0.0 71727.5193899811 -14670.182608175352 -197826379.56605303 2324948.7930177283 464665.2481373541 -124293.99304851351 
0.0 13373.16312784388 -2859.8034102136303 -42382265.3987522 464665.2481373541 93788.53465675189 -24639.929215863274 
0.0 -4172.819313266594 804.9739765779965 10013215.623815563 -124293.99304851351 -24639.929215863274 6702.664242688201 
