100.72938466347478 0.0 0.0 0.0 0.0 0.0 0.0 
0.0 98.9189808960704 -82.40445200261081 7400721.565691605 -23023.6725119091 5530.882496901403 1013.986506228419 
0.0 -82.40445200261081 100.72938466347478 -17520596.131354976 30878.685859999965 -8483.045991730385 -1387.0613212528792 
0.0 7400721.565691605 -17520596.131354976 33147474350601.273 -2763235197.5166636 2938258863.7943277 327053458.1481135 
0.0 -23023.6725119091 30878.685859999965 -2763235197.5166636 10058634.945781289 -2624129.885449974 -431210.14086373564 
0.0 5530.882496901403 -8483.045991730385 2938258863.7943277 -2624129.885449974 861230.4742305946 127282.20526388961 
0.0 1013.986506228419 -1387.0613212528792 327053458.1481135 -431210.14086373564 127282.20526388961 19882.139043118088 
