100.17156723283856 0.0 0.0 0.0 0.0 0.0 0.0 
0.0 84.48278563714877 -79.71110398475524 1654637.401130951 -20147.856432732813 4982.254597753916 1446.2788948724228 
0.0 -79.71110398475524 100.17156723283856 -3926835.108035747 27765.171522538647 -7709.750018176465 -2010.0647696027281 
0.0 1654637.401130951 -3926835.108035747 1663845791939.6968 -697077099.4641762 599546824.5486996 106558253.75029655 
0.0 -20147.856432732813 27765.171522538647 -697077099.4641762 8128878.77472987 -2192502.793032163 -568454.1394592843 
0.0 4982.254597753916 -7709.750018176465 599546824.5486996 -2192502.793032163 713222.6376443311 168250.39045445883 
0.0 1446.2788948724228 -2010.0647696027281 106558253.75029655 -568454.1394592843 168250.39045445883 41934.6726714097 
