99.99999999999986 0.0 0.0 0.0 0.0 0.0 0.0 
0.0 4458.0172823087805 -569.4247887080675 -417113.69623943116 54828.23787903039 9577.926522392709 -5354.573615753115 
0.0 -569.4247887080675 99.99999999999986 124385.90043734558 -11369.259197121151 -2054.8767872563403 1039.7340566432274 
0.0 -417113.69623943116 124385.90043734558 384353062.3771473 -18802371.348376233 -3660193.9231875595 1546587.9979128337 
0.0 54828.23787903039 -11369.259197121151 -18802371.348376233 1411924.9625170836 260579.96539710395 -124814.61692433829 
0.0 9577.926522392709 -2054.8767872563403 -3660193.9231875595 260579.96539710395 48371.01126376395 -22851.634955288406 
0.0 -5354.573615753115 1039.7340566432274 1546587.9979128337 -124814.61692433829 -22851.634955288406 11176.832614613577 
