100.17156723283856 0.0 0.0 0.0 0.0 0.0 0.0 
0.0 84.48278563714877 -79.71110398475524 1652882.4677996892 -23376.738253149 4982.254597753916 1446.2788948724228 
0.0 -79.71110398475524 100.17156723283856 -3924396.069704566 32252.730329803497 -7709.750018176465 -2010.0647696027281 
0.0 1652882.4677996892 -3924396.069704566 1663587255383.8274 -934169759.6723666 599342667.3704034 106507369.68148553 
0.0 -23376.738253149 32252.730329803497 -934169759.6723666 10876090.042151403 -2568129.2568785134 -662075.1573098991 
0.0 4982.254597753916 -7709.750018176465 599342667.3704034 -2568129.2568785134 713222.6376443311 168250.39045445883 
0.0 1446.2788948724228 -2010.0647696027281 106507369.68148553 -662075.1573098991 168250.39045445883 41934.6726714097 
