100.1712944694757 0.0 0.0 0.0 0.0 0.0 0.0 
0.0 84.4825555937408 -79.71088693445476 1656387.8241689648 -16918.928542593072 4982.241031264375 1446.27495671007 
0.0 -79.71088693445476 100.1712944694757 -3929263.4471030594 23277.5493312324 -7709.729024820781 -2010.0592962729074 
0.0 1656387.8241689648 -3929263.4471030594 1664099920689.2769 -459755985.4707031 599749348.6279125 106608847.5264852 
0.0 -16918.928542593072 23277.5493312324 -459755985.4707031 5799677.869695288 -1816871.3819007576 -474831.82865616266 
0.0 4982.241031264375 -7709.729024820781 599749348.6279125 -1816871.3819007576 713220.6955662513 168249.93231505278 
0.0 1446.27495671007 -2010.0592962729074 106608847.5264852 -474831.82865616266 168249.93231505278 41934.558484893074 
