99.99999999999986 0.0 0.0 0.0 0.0 0.0 0.0 
0.0 4458.0172823087805 -569.4247887080675 -423611.0044324057 42873.91463938267 9577.926522392709 -5354.573615753115 
0.0 -569.4247887080675 99.99999999999986 125647.52705591853 -9048.006771005204 -2054.8767872563403 1039.7340566432274 
0.0 -423611.0044324057 125647.52705591853 388122818.1800815 -15470718.641525127 -3687922.3896673266 1560150.1097315573 
0.0 42873.91463938267 -9048.006771005204 -15470718.641525127 910324.796396355 209562.67617611543 -99861.84207081042 
0.0 9577.926522392709 -2054.8767872563403 -3687922.3896673266 209562.67617611543 48371.01126376395 -22851.634955288406 
0.0 -5354.573615753115 1039.7340566432274 1560150.1097315573 -99861.84207081042 -22851.634955288406 11176.832614613577 
