99.99999999999986 0.0 0.0 0.0 0.0 0.0 0.0 
0.0 4458.0172823087805 -569.4247887080675 -410616.38804645656 66782.56111867812 9577.926522392709 -5354.573615753115 
0.0 -569.4247887080675 99.99999999999986 123124.27381877256 -13690.511623237102 -2054.8767872563403 1039.7340566432274 
0.0 -410616.38804645656 123124.27381877256 380616219.45451206 -22073468.022150755 -3632465.4567077914 1533025.8860941094 
0.0 66782.56111867812 -13690.511623237102 -22073468.022150755 2024941.4832277074 311597.25461809256 -149767.39177786617 
0.0 9577.926522392709 -2054.8767872563403 -3632465.4567077914 311597.25461809256 48371.01126376395 -22851.634955288406 
0.0 -5354.573615753115 1039.7340566432274 1533025.8860941094 -149767.39177786617 -22851.634955288406 11176.832614613577 
