99.99999999999986 0.0 0.0 0.0 0.0 0.0 0.0 
0.0 4458.0172823087805 -569.4247887080675 -289610.82253674674 48813.93975310723 8351.97870055821 -5000.159202442996 
0.0 -569.4247887080675 99.99999999999986 87058.57582675735 -10152.059513277298 -1791.8583024532377 970.9149942626802 
0.0 -289610.82253674674 87058.57582675735 191367626.79918274 -11869149.727794167 -2242647.7225101953 1012927.9545236457 
0.0 48813.93975310723 -10152.059513277298 -11869149.727794167 1130030.3406345616 203382.8559745291 -104193.92433146501 
0.0 8351.97870055821 -1791.8583024532377 -2242647.7225101953 203382.8559745291 36780.77883671046 -18607.75989216342 
0.0 -5000.159202442996 970.9149942626802 1012927.9545236457 -104193.92433146501 -18607.75989216342 9746.229282372613 
