99.99999999999986 0.0 0.0 0.0 0.0 0.0 0.0 
0.0 4458.0172823087805 -569.4247887080675 -295678.07974218176 37650.862420516394 8351.97870055821 -5000.159202442996 
0.0 -569.4247887080675 99.99999999999986 88236.69651378009 -7984.448698199496 -1791.8583024532377 970.9149942626802 
0.0 -295678.07974218176 88236.69651378009 193840176.3629884 -9707770.84132235 -2265226.6166437203 1024754.1539395372 
0.0 37650.862420516394 -7984.448698199496 -9707770.84132235 713372.9063102235 161840.20618029582 -82435.03490907821 
0.0 8351.97870055821 -1791.8583024532377 -2265226.6166437203 161840.20618029582 36780.77883671046 -18607.75989216342 
0.0 -5000.159202442996 970.9149942626802 1024754.1539395372 -82435.03490907821 -18607.75989216342 9746.229282372613 
