99.9999999999999 0.0 0.0 0.0 0.0 0.0 0.0 
0.0 3931.8139507609912 -552.0178569775205 1208.5509608820435 8700.597463653861 964.2328155475966 -1100.8385961825038 
0.0 -552.0178569775205 99.9999999999999 225.49677302800987 -1839.5440082341108 -209.4852551747377 218.08906565459193 
0.0 1208.5509608820435 225.49677302800987 24510.125823675266 -12096.975223191745 -1562.9264533833507 997.3632265879078 
0.0 8700.597463653861 -1839.5440082341108 -12096.975223191745 37236.59628776678 4311.547702186305 -4239.163157244321 
0.0 964.2328155475966 -209.4852551747377 -1562.9264533833507 4311.547702186305 500.646637671392 -487.4084342726852 
0.0 -1100.8385961825038 218.08906565459193 997.3632265879078 -4239.163157244321 -487.4084342726852 490.98106681579117 
