97.34796173471597 0.0 0.0 0.0 0.0 0.0 0.0 
0.0 67.1531580535553 -72.79999465865859 277337.35163959715 -8762.701069315688 1413.5254514552978 484.97825938094667 
0.0 -72.79999465865859 97.34796173471597 -664827.0246798972 13359.169086652195 -2257.997560699978 -705.080280360148 
0.0 277337.35163959715 -664827.0246798972 47729164745.28006 -132436063.0937257 30109106.208153114 6452020.739003251 
0.0 -8762.701069315688 13359.169086652195 -132436063.0937257 1988610.8848140503 -347782.91841164103 -102099.05658330498 
0.0 1413.5254514552978 -2257.997560699978 30109106.208153114 -347782.91841164103 62348.02606780914 17686.707220856973 
0.0 484.97825938094667 -705.080280360148 6452020.739003251 -102099.05658330498 17686.707220856973 5292.181782890564 
