99.9999999999999 0.0 0.0 0.0 0.0 0.0 0.0 
0.0 3931.8139507609912 -552.0178569775205 -70821.94833260222 14984.393965449679 2819.433856428105 -1882.4075206454227 
0.0 -552.0178569775205 99.9999999999999 21258.4899853467 -3258.915020914167 -612.5386020249816 372.9270565025487 
0.0 -70821.94833260222 21258.4899853467 11244052.41740735 -981616.0367231094 -185814.8998258729 94576.82870360243 
0.0 14984.393965449679 -3258.915020914167 -981616.0367231094 120818.93951589598 22739.739556205743 -12959.220654903187 
0.0 2819.433856428105 -612.5386020249816 -185814.8998258729 22739.739556205743 4280.468541013221 -2437.0421713634264 
0.0 -1882.4075206454227 372.9270565025487 94576.82870360243 -12959.220654903187 -2437.0421713634264 1435.6373484960543 
