97.34796173471597 0.0 0.0 0.0 0.0 0.0 0.0 
0.0 67.1531580535553 -72.79999465865859 278832.56826209556 -6999.705739462379 1413.5254514552978 484.97825938094667 
0.0 -72.79999465865859 97.34796173471597 -667000.828835028 10796.05781846193 -2257.997560699978 -705.080280360148 
0.0 278832.56826209556 -667000.828835028 47768998970.95744 -109237110.91210093 30163635.371311158 6468336.848061753 
0.0 -6999.705739462379 10796.05781846193 -109237110.91210093 1316243.5806160846 -283488.1142060762 -82860.89159858935 
0.0 1413.5254514552978 -2257.997560699978 30163635.371311158 -283488.1142060762 62348.02606780914 17686.707220856973 
0.0 484.97825938094667 -705.080280360148 6468336.848061753 -82860.89159858935 17686.707220856973 5292.181782890564 
