99.9999999999999 0.0 0.0 0.0 0.0 0.0 0.0 
0.0 3931.8139507609912 -552.0178569775205 -2185.3994603203264 4698.823638845015 964.2328155475966 -1100.8385961825038 
0.0 -552.0178569775205 99.9999999999999 897.8782454844136 -1046.7455748942298 -209.4852551747377 218.08906565459193 
0.0 -2185.3994603203264 897.8782454844136 35326.88469011516 -16038.250478184054 -3065.635448629301 2511.0868590082086 
0.0 4698.823638845015 -1046.7455748942298 -16038.250478184054 12904.317781663685 2539.718188734064 -2454.3463925762862 
0.0 964.2328155475966 -209.4852551747377 -3065.635448629301 2539.718188734064 500.646637671392 -487.4084342726852 
0.0 -1100.8385961825038 218.08906565459193 2511.0868590082086 -2454.3463925762862 -487.4084342726852 490.98106681579117 
