99.9999999999999 0.0 0.0 0.0 0.0 0.0 0.0 
0.0 3931.8139507609912 -552.0178569775205 -65018.37474813289 21827.330949913234 2819.433856428105 -1882.4075206454227 
0.0 -552.0178569775205 99.9999999999999 20108.73384045519 -4614.581272488341 -612.5386020249816 372.9270565025487 
0.0 -65018.37474813289 20108.73384045519 10674526.614425305 -1269378.162803146 -178301.35484964322 90150.67395165343 
0.0 21827.330949913234 -4614.581272488341 -1269378.162803146 234009.32116083783 31598.887123466946 -18178.056534252228 
0.0 2819.433856428105 -612.5386020249816 -178301.35484964322 31598.887123466946 4280.468541013221 -2437.0421713634264 
0.0 -1882.4075206454227 372.9270565025487 90150.67395165343 -18178.056534252228 -2437.0421713634264 1435.6373484960543 
