99.9999999999999 0.0 0.0 0.0 0.0 0.0 0.0 
0.0 3931.8139507609912 -552.0178569775205 -67920.16154036754 18405.862457681455 2819.433856428105 -1882.4075206454227 
0.0 -552.0178569775205 99.9999999999999 20683.611912900942 -3936.748146701254 -612.5386020249816 372.9270565025487 
0.0 -67920.16154036754 20683.611912900942 10955877.991775379 -1129519.5945894185 -182058.1273377581 92363.75132762792 
0.0 18405.862457681455 -3936.748146701254 -1129519.5945894185 172671.2459386066 27169.313339836342 -15568.638594577704 
0.0 2819.433856428105 -612.5386020249816 -182058.1273377581 27169.313339836342 4280.468541013221 -2437.0421713634264 
0.0 -1882.4075206454227 372.9270565025487 92363.75132762792 -15568.638594577704 -2437.0421713634264 1435.6373484960543 
