8.482187191018559570e+12 -3.277768333886310425e+11 -2.537812418486825562e+10 8.756867471420829296e+08 -1.601215332999009266e+07 -1.413369317736909143e+05 -8.515552467611111403e+08 -1.353218981603371620e+09 -5.711142997497413158e+08 7.082408783437277079e+08
-3.277768333886310425e+11 1.556786582846527481e+10 1.174421789056380987e+09 -4.739463012823529541e+07 1.260073162542354548e+06 -5.642199081946305483e+00 6.357267895309502631e+07 1.134647541443794668e+08 3.151711019838923588e+07 -3.830537475886976719e+07
-2.537812418486825562e+10 1.174421789056380987e+09 9.206763034859097004e+07 -3.509404196218038443e+06 8.834059180889742856e+04 -2.371418697918038565e-11 4.479064625193402171e+06 7.931818145577421412e+06 2.327142088470484130e+06 -2.837588319520825986e+06
8.756867471420829296e+08 -4.739463012823529541e+07 -3.509404196218038443e+06 1.623150461656258558e+05 -5.972521430133946524e+03 0.000000000000000000e+00 -2.964605878234084812e+05 -5.295984956840251107e+05 -1.090728122794804658e+05 1.311497853114904428e+05
-1.601215332999009266e+07 1.260073162542354548e+06 8.834059180889742856e+04 -5.972521430133946524e+03 5.042135248912475163e+02 -4.428481981165274886e-14 2.482820123432128457e+04 4.101851978786615655e+04 4.079048725276468758e+03 -4.826398115126352423e+03
-1.413369317736909143e+05 -5.642199081946305483e+00 -2.371418697918038565e-11 0.000000000000000000e+00 -4.428481981165274886e-14 1.623150461656258558e+05 -2.889063962235784857e+05 9.945435801569111334e+01 -4.245844063910286059e+05 -1.310318184140139783e+04
-8.515552467611111403e+08 6.357267895309502631e+07 4.479064625193402171e+06 -2.964605878234084812e+05 2.482820123432128457e+04 -2.889063962235784857e+05 1.908950895266155247e+06 2.003051541863372549e+06 1.325600692531314213e+06 -2.078462823693477549e+05
-1.353218981603371620e+09 1.134647541443794668e+08 7.931818145577421412e+06 -5.295984956840251107e+05 4.101851978786615655e+04 9.945435801569111334e+01 2.003051541863372549e+06 3.464848683665705379e+06 3.634498614954544464e+05 -4.747779276870569447e+05
-5.711142997497413158e+08 3.151711019838923588e+07 2.327142088470484130e+06 -1.090728122794804658e+05 4.079048725276468758e+03 -4.245844063910286059e+05 1.325600692531314213e+06 3.634498614954544464e+05 1.988396590988519136e+06 -5.385345962305187277e+04
7.082408783437277079e+08 -3.830537475886976719e+07 -2.837588319520825986e+06 1.311497853114904428e+05 -4.826398115126352423e+03 -1.310318184140139783e+04 -2.078462823693477549e+05 -4.747779276870569447e+05 -5.385345962305187277e+04 1.360676068928991735e+05
