1.225806834525978125e+14 -5.796113600462247314e+11 -5.477510289058132172e+10 4.257101867591248512e+09 -7.567719217895318568e+07 -9.324955778475809131e-09 1.371889654083176374e+09 1.546725535401648760e+09 -2.092252571124176788e+10 -2.384844133574998474e+10
-5.796113600462247314e+11 1.500352243407493286e+11 9.296030469659797668e+09 -1.639162451556961536e+09 4.072731064111302048e+07 -1.413831045638711304e-09 -6.158702132989984512e+09 1.719834015759502888e+09 8.056152977160733223e+09 9.182635479713171005e+09
-5.477510289058132172e+10 9.296030469659797668e+09 5.821627104703068733e+08 -1.003568232798141092e+08 2.440220300752526615e+06 8.462305928259510223e-10 -3.538151715955700874e+08 9.467925595932623744e+07 4.932334381027347445e+08 5.622018503279718161e+08
4.257101867591248512e+09 -1.639162451556961536e+09 -1.003568232798141092e+08 2.111579966335000843e+07 -7.141065007358650910e+05 0.000000000000000000e+00 1.606359506899214387e+08 -5.969297950810115039e+07 -1.037799775025145411e+08 -1.182913109335701019e+08
-7.567719217895318568e+07 4.072731064111302048e+07 2.440220300752526615e+06 -7.141065007358650910e+05 4.130580349065810151e+04 -1.158436811289052090e-11 -1.278297120764364861e+07 5.413212808554775082e+06 3.509694412335910834e+06 4.000445040663395077e+06
-9.324955778475809131e-09 -1.413831045638711304e-09 8.462305928259510223e-10 0.000000000000000000e+00 -1.158436811289052090e-11 2.111579966335000843e+07 1.547753849818076752e+07 -8.046387686803373508e+06 6.921791863685757853e+06 -7.901655760227249702e+05
1.371889654083176374e+09 -6.158702132989984512e+09 -3.538151715955700874e+08 1.606359506899214387e+08 -1.278297120764364861e+07 1.547753849818076752e+07 4.392958238318543434e+09 -1.914399945371248960e+09 -7.843761970574898720e+08 -9.004767833116241693e+08
1.546725535401648760e+09 1.719834015759502888e+09 9.467925595932623744e+07 -5.969297950810115039e+07 5.413212808554775082e+06 -8.046387686803373508e+06 -1.914399945371248960e+09 8.438293950939930677e+08 2.907364800286242962e+08 3.346998034087358713e+08
-2.092252571124176788e+10 8.056152977160733223e+09 4.932334381027347445e+08 -1.037799775025145411e+08 3.509694412335910834e+06 6.921791863685757853e+06 -7.843761970574898720e+08 2.907364800286242962e+08 5.123274480545871854e+08 5.811194498027662039e+08
-2.384844133574998474e+10 9.182635479713171005e+09 5.622018503279718161e+08 -1.182913109335701019e+08 4.000445040663395077e+06 -7.901655760227249702e+05 -9.004767833116241693e+08 3.346998034087358713e+08 5.811194498027662039e+08 6.627009072025660276e+08
