6.600109590197503662e+11 -1.671673472085259399e+11 -1.006354580818087769e+10 4.803255241991398811e+09 -5.970727844644555449e+07 -1.643669238568603396e+08 2.353265637471005917e+09 -1.536420713445234489e+10 -9.532175301431657791e+09 7.585338334644694328e+09
-1.671673472085259399e+11 1.417488263702267456e+11 8.155602246122497559e+09 -5.100558701737329483e+09 6.747932709192486107e+07 2.988113463680845598e+04 -3.919871107995263577e+09 1.716527733648097420e+10 1.025973899855177689e+10 -7.952974089361530304e+09
-1.006354580818087769e+10 8.155602246122497559e+09 4.698382926998335719e+08 -2.912145768946287036e+08 3.840780275703778956e+06 -1.790200743697735224e-09 -2.195055211043255031e+08 9.770228384702525139e+08 5.857726459356613159e+08 -4.540746992951404452e+08
4.803255241991398811e+09 -5.100558701737329483e+09 -2.912145768946287036e+08 1.971487451908313930e+08 -2.741554035903298762e+06 0.000000000000000000e+00 1.995880988535956740e+08 -6.971225151335073709e+08 -3.965863168642924428e+08 3.073932972052170634e+08
-5.970727844644555449e+07 6.747932709192486107e+07 3.840780275703778956e+06 -2.741554035903298762e+06 4.026400320716205169e+04 -2.646327958159582396e-11 -3.545436004878745880e+06 1.023343725127417035e+07 5.514997760784760118e+06 -4.274607406415930949e+06
-1.643669238568603396e+08 2.988113463680845598e+04 -1.790200743697735224e-09 0.000000000000000000e+00 -2.646327958159582396e-11 1.971487451908313632e+08 -2.388787177131591737e+07 2.105722678941430151e+08 -1.529353324644828439e+08 -1.123466066372108608e+08
2.353265637471005917e+09 -3.919871107995263577e+09 -2.195055211043255031e+08 1.995880988535956740e+08 -3.545436004878745880e+06 -2.388787177131591737e+07 5.979814028088021278e+08 -9.241488485302988291e+08 -3.549174302221118808e+08 2.943867117535549998e+08
-1.536420713445234489e+10 1.716527733648097420e+10 9.770228384702525139e+08 -6.971225151335073709e+08 1.023343725127417035e+07 2.105722678941430151e+08 -9.241488485302988291e+08 2.841409133935604572e+09 1.224422311799804211e+09 -1.214953556055882931e+09
-9.532175301431657791e+09 1.025973899855177689e+10 5.857726459356613159e+08 -3.965863168642924428e+08 5.514997760784760118e+06 -1.529353324644828439e+08 -3.549174302221118808e+08 1.224422311799804211e+09 9.374150862371323109e+08 -5.312040942577471137e+08
7.585338334644694328e+09 -7.952974089361530304e+09 -4.540746992951404452e+08 3.073932972052170634e+08 -4.274607406415930949e+06 -1.123466066372108608e+08 2.943867117535549998e+08 -1.214953556055882931e+09 -5.312040942577471137e+08 5.551205623779735565e+08
