2.504869785823755264e+10 -3.394746196769290447e+09 -2.083267963131029904e+08 6.565361414028624445e+07 -5.409411757952416519e+04 -9.607500192138981098e-11 8.664982090680560470e+07 1.104808946498589814e+08 1.121710908384806514e+08 -1.147796408325558752e+08
-3.394746196769290447e+09 2.182479023793490410e+09 1.281455460887447745e+08 -5.704552215464644134e+07 5.611843993961380329e+04 -9.216564271362779918e-11 -7.966025224009726942e+07 -1.005691355472597927e+08 -1.049785959093151242e+08 1.024794733563596606e+08
-2.083267963131029904e+08 1.281455460887447745e+08 7.536922622510259040e+06 -3.299849276619746350e+06 3.213420429503704327e+03 2.334419386223727718e-11 -4.599822519123533741e+06 -5.803156000272797421e+06 -6.054410856262614951e+06 5.921939089547906071e+06
6.565361414028624445e+07 -5.704552215464644134e+07 -3.299849276619746350e+06 1.784350285446367925e+06 -2.052367953099585520e+03 0.000000000000000000e+00 2.511249404633442871e+06 3.269395373266987503e+06 3.367173582373202778e+06 -3.229847089802264702e+06
-5.409411757952416519e+04 5.611843993961380329e+04 3.213420429503704327e+03 -2.052367953099585520e+03 2.746920969002361712e+00 3.210373269712556780e-15 -2.878602934268415993e+03 -3.926086097500835876e+03 -3.911411752430461092e+03 3.723756410049334590e+03
-9.607500192138981098e-11 -9.216564271362779918e-11 2.334419386223727718e-11 0.000000000000000000e+00 3.210373269712556780e-15 1.784350285446368391e+06 5.623374562033990398e+06 -2.064203892881366424e+06 6.937233521352582611e+06 1.106784532893577591e+06
8.664982090680560470e+07 -7.966025224009726942e+07 -4.599822519123533741e+06 2.511249404633442871e+06 -2.878602934268415993e+03 5.623374562033990398e+06 2.808245384086441994e+07 -5.563183219017986208e+06 2.333228953374313936e+07 -1.019248075228979811e+06
1.104808946498589814e+08 -1.005691355472597927e+08 -5.803156000272797421e+06 3.269395373266987503e+06 -3.926086097500835876e+03 -2.064203892881366424e+06 -5.563183219017986208e+06 1.625155452274906263e+07 4.964171580316495238e+04 -6.119625670119652525e+06
1.121710908384806514e+08 -1.049785959093151242e+08 -6.054410856262614951e+06 3.367173582373202778e+06 -3.911411752430461092e+03 6.937233521352582611e+06 2.333228953374313936e+07 4.964171580316495238e+04 3.507386112458086759e+07 -1.791929834226103267e+06
-1.147796408325558752e+08 1.024794733563596606e+08 5.921939089547906071e+06 -3.229847089802264702e+06 3.723756410049334590e+03 1.106784532893577591e+06 -1.019248075228979811e+06 -6.119625670119652525e+06 -1.791929834226103267e+06 6.759525540327233262e+06
